85
-6 95
6 95
12 72
8 68
8 0
20 0
30 -6
34 -14
34 -26
26 -40
46 -56
50 -70
46 -84
30 -100
-30 -100
-46 -84
-50 -70
-46 -56
-26 -40
-34 -26
-34 -14
-30 -6
-20 0
-8 0
-8 68
-12 72
-6 95
-4 80
0 80
4 80
-4 -66
0 -66
4 -66
-10 -66
10 -66
10 -70
-10 -70
0 -30
3.6234 -30.4770
7 -31.8756
9.8994 -34.1005
12.1243 -37
13.5229 -40.3765
14 -44
13.5229 -47.6234
12.1243 -51
9.8994 -53.8994
7 -56.1243
3.6234 -57.5229
0 -58
-3.6234 -57.5229
-7 -56.1243
-9.8994 -53.8994
-12.1243 -51
-13.5229 -47.6234
-14 -44
-13.5061 -40.3142
-12.0919 -36.9441
-9.8537 -34.0549
-6.9440 -31.8435
-3.5611 -30.4604
0 -32
3.1058 -32.4088
6 -33.6076
8.4852 -35.5147
10.3923 -38
11.5911 -40.8941
12 -44
11.5911 -47.1058
10.3923 -50
8.4852 -52.4852
6 -54.3923
3.1058 -55.5911
0 -56
-3.1058 -55.5911
-6 -54.3923
-8.4852 -52.4852
-10.3923 -50
-11.5911 -47.1058
-12 -44
-11.5766 -40.8407
-10.3645 -37.9521
-8.4460 -35.4757
-5.9520 -33.5801
-3.0523 -32.3946
103
0 1
1 2
2 3
3 4
5 6
5 22
6 7
7 8
8 9
9 10
10 11
11 12
12 13
13 14
14 15
15 16
16 17
17 18
18 19
19 20
20 21
21 22
23 24
24 25
25 26
27 30
28 31
29 32
33 34
34 35
35 36
36 33
37 38
38 39
39 40
40 41
41 42
42 43
43 44
44 45
45 46
46 47
47 48
48 49
49 50
50 51
51 52
52 53
53 54
54 55
55 56
56 57
57 58
58 59
59 60
60 37
61 62
62 63
63 64
64 65
65 66
66 67
67 68
68 69
69 70
70 71
71 72
72 73
73 74
74 75
75 76
76 77
77 78
78 79
79 80
80 81
81 82
82 83
83 84
84 61
37 61
38 62
39 63
40 64
41 65
42 66
43 67
44 68
45 69
46 70
47 71
48 72
49 73
50 74
51 75
52 76
53 77
54 78
55 79
56 80
57 81
58 82
59 83
60 84
