//гитара
//точки
//контур
0 -6 95
1 6 95
2 12 72
3 8 68
4 8 0
5 20 0
6 30 -6
7 34 -14
8 34 -26
9 26 -40
10 46 -56
11 50 -70
12 46 -84
13 30 -100
14 -30 -100
15 -46 -84
16 -50 -70
17 -46 -56
18 -26 -40
19 -34 -26
20 -34 -14
21 -30 -6
22 -20 0
23 -8 0
24 -8 68
25 -12 72
26 -6 95

//струны
27 -4 80
28 0 80
29 4 80
30 -4 -66
31 0 -66
32 4 -66
33 -10 -66
34 10 -66
35 10 70
36 -10 70

//круг внешний 14

37 0 -30
38 3.6234 -30.4770
39 7 -31.8756
40 9.8994 -34.1005
41 12.1243 -37
42 13.5229 -40.3765
43 14 -44
44 13.5229 -47.6234
45 12.1243 -51
46 9.8994 -53.8994
47 7 -56.1243
48 3.6234 -57.5229
49 0 -58
50 -3.6234 -57.5229
51 -7 -56.1243
52 -9.8994 -53.8994
53 -12.1243 -51
54 -13.5229 -47.6234
55 -14 -44
56 -13.5061 -40.3142
57 -12.0919 -36.9441
58 -9.8537 -34.0549
59 -6.9440 -31.8435
60 -3.5611 -30.4604

//круг внутренний 12
61 0 -32
62 3.1058 -32.4088
63 6 -33.6076
64 8.4852 -35.5147
65 10.3923 -38
66 11.5911 -40.8941
67 12 -44
68 11.5911 -47.1058
69 10.3923 -50
70 8.4852 -52.4852
71 6 -54.3923
72 3.1058 -55.5911
73 0 -56
74 -3.1058 -55.5911
75 -6 -54.3923
76 -8.4852 -52.4852
77 -10.3923 -50
78 -11.5911 -47.1058
79 -12 -44
80 -11.5766 -40.8407
81 -10.3645 -37.9521
82 -8.4460 -35.4757
83 -5.9520 -33.5801
84 -3.0523 -32.3946



//соединения
//контур
0 1
1 2
2 3
3 4
5 6
5 22
6 7
7 8
8 9
9 10
10 11
11 12
12 13
13 14
14 15
15 16
16 17
17 18
19 20
20 21
21 22
23 24
24 25
25 26

//струны
27 30
28 31
29 32
33 34
34 35
35 36
36 33

//круг внешний
37	38
38	39
39	40
40	41
41	42
42	43
43	44
44	45
45	46
46	47
47	48
48	49
49	50
50	51
51	52
52	53
53	54
54	55
55	56
56	57
57	58
58	59
59	60
60	37

//круг внутренний
61	62
62	63
63	64
64	65
65	66
66	67
67	68
68	69
69	70
70	71
71	72
72	73
73	74
74	75
75	76
76	77
77	78
78	79
79	80
80	81
81	82
82	83
83	84
84	61

//перегородки
37	61
38	62
39	63
40	64
41	65
42	66
43	67
44	68
45	69
46	70
47	71
48	72
49	73
50	74
51	75
52	76
53	77
54	78
55	79
56	80
57	81
58	82
59	83
60	84
